[{"id": 0, "img_name": "image-0", "width": 256, "height": 256, "position": [0.0, -0.0, 10.0], "rotation": [[1.0, 0.0, 0.0], [-0.0, -1.0, -0.0], [-0.0, -0.0, -1.0]], "fy": 355.55552998200585, "fx": 355.55552998200585}, {"id": 1, "img_name": "image-1", "width": 256, "height": 256, "position": [4.330127299925138, 4.999999969129014, 7.499999903214113], "rotation": [[0.8660254173851102, 0.2500000134611743, -0.4330127057781254], [6.730586912168989e-09, -0.8660254173851102, -0.5000000033652935], [-0.5000000033652936, 0.43301270577812534, -0.7500000000000002]], "fy": 355.55552998200585, "fx": 355.55552998200585}, {"id": 2, "img_name": "image-2", "width": 256, "height": 256, "position": [0.8682409538653992, 8.660254548063081, 4.924039133641892], "rotation": [[0.9848077154122054, 0.1503837316804069, -0.08682409260743326], [4.547578140471446e-09, -0.49999998656258104, -0.8660253674815177], [-0.173648184052531, 0.8528685733560174, -0.4924038737612357]], "fy": 355.55552998200585, "fx": 355.55552998200585}, {"id": 3, "img_name": "image-3", "width": 256, "height": 256, "position": [6.634139460932744, 5.0000001499784466, 5.566703676515678], "rotation": [[0.6427876230444173, 0.38302221531379776, -0.6634139218092278], [2.8273330230437982e-09, -0.866025416048689, -0.5000000056800429], [-0.766044415629695, 0.3213938114218858, -0.5566704049613925]], "fy": 355.55552998200585, "fx": 355.55552998200585}, {"id": 4, "img_name": "image-4", "width": 256, "height": 256, "position": [4.330127299925138, 4.999999969129014, 7.499999903214113], "rotation": [[0.8660254173851102, 0.2500000134611743, -0.4330127057781254], [6.730586912168989e-09, -0.8660254173851102, -0.5000000033652935], [-0.5000000033652936, 0.43301270577812534, -0.7500000000000002]], "fy": 355.55552998200585, "fx": 355.55552998200585}, {"id": 5, "img_name": "image-5", "width": 256, "height": 256, "position": [3.830222160035014, 6.427875984419389, 6.634139452485862], "rotation": [[0.866025416048689, 0.3213938114218858, -0.38302221531379793], [-2.8273330743573937e-09, -0.7660444156296949, -0.6427876230444174], [-0.5000000056800429, 0.5566704049613926, -0.6634139218092278]], "fy": 355.55552998200585, "fx": 355.55552998200585}, {"id": 6, "img_name": "image-6", "width": 256, "height": 256, "position": [9.254165619505406, -3.4202014836289694, 1.6317591307551602], "rotation": [[0.17364817050561115, -0.3368240963786358, -0.9254165662743945], [4.005878117035066e-09, -0.9396926220163359, 0.34202014114933404], [-0.9848077178008928, -0.059391174598586796, -0.16317590367350132]], "fy": 355.55552998200585, "fx": 355.55552998200585}, {"id": 7, "img_name": "image-7", "width": 256, "height": 256, "position": [7.499999903214113, -4.999999969129015, 4.330127299925138], "rotation": [[0.5000000033652935, -0.4330127057781253, -0.75], [6.730586981103697e-09, -0.8660254173851102, 0.5000000033652935], [-0.8660254173851102, -0.25000001346117423, -0.4330127057781253]], "fy": 355.55552998200585, "fx": 355.55552998200585}, {"id": 8, "img_name": "image-8", "width": 256, "height": 256, "position": [9.254165619505406, -3.4202014836289694, -1.6317591307551602], "rotation": [[-0.17364817050561115, -0.3368240963786358, -0.9254165662743945], [-4.005878117035066e-09, -0.9396926220163359, 0.34202014114933404], [-0.9848077178008928, 0.059391174598586796, 0.16317590367350132]], "fy": 355.55552998200585, "fx": 355.55552998200585}, {"id": 9, "img_name": "image-9", "width": 256, "height": 256, "position": [9.254165619505406, -3.4202014836289694, 1.6317591307551602], "rotation": [[0.17364817050561115, -0.3368240963786358, -0.9254165662743945], [4.005878117035066e-09, -0.9396926220163359, 0.34202014114933404], [-0.9848077178008928, -0.059391174598586796, -0.16317590367350132]], "fy": 355.55552998200585, "fx": 355.55552998200585}, {"id": 10, "img_name": "image-10", "width": 256, "height": 256, "position": [9.698463094996175, -1.7364817062416142, 1.7101007474725476], "rotation": [[0.17364817664704538, -0.17101008067863746, -0.9698463073753747], [2.0593658395162406e-10, -0.9848077140905156, 0.17364817664704543], [-0.9848077140905155, -0.03015369123001904, -0.17101008067863743]], "fy": 355.55552998200585, "fx": 355.55552998200585}, {"id": 11, "img_name": "image-11", "width": 256, "height": 256, "position": [6.634139460932744, 5.0000001499784466, -5.566703676515678], "rotation": [[-0.6427876230444173, 0.38302221531379776, -0.6634139218092278], [-2.8273330230437982e-09, -0.866025416048689, -0.5000000056800429], [-0.766044415629695, -0.3213938114218858, 0.5566704049613925]], "fy": 355.55552998200585, "fx": 355.55552998200585}, {"id": 12, "img_name": "image-12", "width": 256, "height": 256, "position": [8.830222287687395, 3.420201760425359, -3.213938151117937], "rotation": [[-0.342020163276188, 0.3213938209967441, -0.8830222315715702], [-9.72207667194737e-09, -0.9396926139628193, -0.342020163276188], [-0.9396926139628192, -0.11697778575901867, 0.3213938209967441]], "fy": 355.55552998200585, "fx": 355.55552998200585}, {"id": 13, "img_name": "image-13", "width": 256, "height": 256, "position": [4.330127299925138, 4.999999969129014, -7.499999903214113], "rotation": [[-0.8660254173851102, 0.2500000134611743, -0.4330127057781254], [-6.730586912168989e-09, -0.8660254173851102, -0.5000000033652935], [-0.5000000033652936, -0.43301270577812534, 0.7500000000000002]], "fy": 355.55552998200585, "fx": 355.55552998200585}, {"id": 14, "img_name": "image-14", "width": 256, "height": 256, "position": [6.634139460932744, 5.0000001499784466, -5.566703676515678], "rotation": [[-0.6427876230444173, 0.38302221531379776, -0.6634139218092278], [-2.8273330230437982e-09, -0.866025416048689, -0.5000000056800429], [-0.766044415629695, -0.3213938114218858, 0.5566704049613925]], "fy": 355.55552998200585, "fx": 355.55552998200585}, {"id": 15, "img_name": "image-15", "width": 256, "height": 256, "position": [5.868240805255664, 6.427875886988358, -4.924038971518618], "rotation": [[-0.6427876262247391, 0.49240387466062907, -0.5868240582933214], [-1.2784845655728133e-08, -0.7660444129610882, -0.6427876262247391], [-0.766044412961088, -0.4131759279978254, 0.4924038746606291]], "fy": 355.55552998200585, "fx": 355.55552998200585}, {"id": 16, "img_name": "image-16", "width": 256, "height": 256, "position": [1.150791531269774e-15, -3.4202016194369214, -9.396926144478082], "rotation": [[-1.0, -4.188538676451136e-17, -1.1507914790176385e-16], [-6.245936397362251e-25, -0.9396926172367759, 0.34202015428106647], [-1.2246469168073274e-16, 0.34202015428106647, 0.9396926172367759]], "fy": 355.55552998200585, "fx": 355.55552998200585}, {"id": 17, "img_name": "image-17", "width": 256, "height": 256, "position": [2.9619812324082058, -5.000000061661929, -8.137976403074939], "rotation": [[-0.9396926176301569, -0.17101007257622858, -0.2961981261143051], [-1.1105806576837009e-08, -0.8660254129675077, 0.5000000110168054], [-0.3420201532002613, 0.4698462922011772, 0.8137976362813987]], "fy": 355.55552998200585, "fx": 355.55552998200585}, {"id": 18, "img_name": "image-18", "width": 256, "height": 256, "position": [-3.2139381511179366, -3.4202017604253587, -8.830222287687393], "rotation": [[-0.9396926139628193, 0.11697778575901868, 0.3213938209967441], [9.722076650760809e-09, -0.9396926139628193, 0.342020163276188], [0.34202016327618795, 0.3213938209967441, 0.8830222315715701]], "fy": 355.55552998200585, "fx": 355.55552998200585}, {"id": 19, "img_name": "image-19", "width": 256, "height": 256, "position": [1.150791531269774e-15, -3.4202016194369214, -9.396926144478082], "rotation": [[-1.0, -4.188538676451136e-17, -1.1507914790176385e-16], [-6.245936397362251e-25, -0.9396926172367759, 0.34202015428106647], [-1.2246469168073274e-16, 0.34202015428106647, 0.9396926172367759]], "fy": 355.55552998200585, "fx": 355.55552998200585}, {"id": 20, "img_name": "image-20", "width": 256, "height": 256, "position": [1.2060415848908801e-15, -1.736481719506778, -9.84807714918612], "rotation": [[-1.0, -2.1265768996526545e-17, -1.2060416679955257e-16], [-3.0631407062580427e-25, -0.9848077134807718, 0.17364818010507385], [-1.224646866565282e-16, 0.17364818010507385, 0.9848077134807717]], "fy": 355.55552998200585, "fx": 355.55552998200585}, {"id": 21, "img_name": "image-21", "width": 256, "height": 256, "position": [-6.634139460932744, 5.0000001499784466, -5.566703676515678], "rotation": [[-0.6427876230444173, -0.38302221531379776, 0.6634139218092278], [2.8273330230437982e-09, -0.866025416048689, -0.5000000056800429], [0.766044415629695, -0.3213938114218858, 0.5566704049613925]], "fy": 355.55552998200585, "fx": 355.55552998200585}, {"id": 22, "img_name": "image-22", "width": 256, "height": 256, "position": [-4.698462783537745, 3.4202015179790366, -8.137976448655788], "rotation": [[-0.8660254129675078, -0.17101007257622855, 0.46984629220117713], [-1.1105806555619929e-08, -0.9396926176301568, -0.3420201532002613], [0.5000000110168054, -0.2961981261143051, 0.8137976362813987]], "fy": 355.55552998200585, "fx": 355.55552998200585}, {"id": 23, "img_name": "image-23", "width": 256, "height": 256, "position": [-8.137976403074939, 5.000000061661929, -2.9619812324082053], "rotation": [[-0.3420201532002613, -0.4698462922011771, 0.8137976362813987], [1.110580656890618e-08, -0.8660254129675076, -0.5000000110168054], [0.9396926176301569, -0.17101007257622852, 0.2961981261143052]], "fy": 355.55552998200585, "fx": 355.55552998200585}, {"id": 24, "img_name": "image-24", "width": 256, "height": 256, "position": [-6.634139460932744, 5.0000001499784466, -5.566703676515678], "rotation": [[-0.6427876230444173, -0.38302221531379776, 0.6634139218092278], [2.8273330230437982e-09, -0.866025416048689, -0.5000000056800429], [0.766044415629695, -0.3213938114218858, 0.5566704049613925]], "fy": 355.55552998200585, "fx": 355.55552998200585}, {"id": 25, "img_name": "image-25", "width": 256, "height": 256, "position": [-5.868240805255664, 6.427875886988358, -4.924038971518618], "rotation": [[-0.6427876262247391, -0.49240387466062907, 0.5868240582933214], [1.2784845655728133e-08, -0.7660444129610882, -0.6427876262247391], [0.766044412961088, -0.4131759279978254, 0.4924038746606291]], "fy": 355.55552998200585, "fx": 355.55552998200585}, {"id": 26, "img_name": "image-26", "width": 256, "height": 256, "position": [-9.254165619505406, -3.4202014836289694, 1.6317591307551602], "rotation": [[0.17364817050561115, 0.3368240963786358, 0.9254165662743945], [-4.005878117035066e-09, -0.9396926220163359, 0.34202014114933404], [0.9848077178008928, -0.059391174598586796, -0.16317590367350132]], "fy": 355.55552998200585, "fx": 355.55552998200585}, {"id": 27, "img_name": "image-27", "width": 256, "height": 256, "position": [-8.528685722093051, -4.999999858903134, -1.503837404189075], "rotation": [[-0.173648184052531, 0.49240387376123584, 0.8528685733560175], [-4.547578126506756e-09, -0.8660253674815177, 0.49999998656258093], [0.9848077154122052, 0.08682409260743326, 0.15038373168040686]], "fy": 355.55552998200585, "fx": 355.55552998200585}, {"id": 28, "img_name": "image-28", "width": 256, "height": 256, "position": [-8.137976448655788, -3.4202015179790366, 4.698462783537743], "rotation": [[0.5000000110168052, 0.29619812611430507, 0.8137976362813988], [1.1105806571408244e-08, -0.9396926176301568, 0.3420201532002613], [0.8660254129675076, -0.17101007257622852, -0.46984629220117713]], "fy": 355.55552998200585, "fx": 355.55552998200585}, {"id": 29, "img_name": "image-29", "width": 256, "height": 256, "position": [-9.254165619505406, -3.4202014836289694, 1.6317591307551602], "rotation": [[0.17364817050561115, 0.3368240963786358, 0.9254165662743945], [-4.005878117035066e-09, -0.9396926220163359, 0.34202014114933404], [0.9848077178008928, -0.059391174598586796, -0.16317590367350132]], "fy": 355.55552998200585, "fx": 355.55552998200585}, {"id": 30, "img_name": "image-30", "width": 256, "height": 256, "position": [-9.698463094996175, -1.7364817062416142, 1.7101007474725476], "rotation": [[0.17364817664704538, 0.17101008067863746, 0.9698463073753747], [-2.0593658395162406e-10, -0.9848077140905156, 0.17364817664704543], [0.9848077140905155, -0.03015369123001904, -0.17101008067863743]], "fy": 355.55552998200585, "fx": 355.55552998200585}, {"id": 31, "img_name": "image-0", "width": 256, "height": 256, "position": [0.0, -0.0, 10.0], "rotation": [[1.0, 0.0, 0.0], [-0.0, -1.0, -0.0], [-0.0, -0.0, -1.0]], "fy": 355.55552998200585, "fx": 355.55552998200585}, {"id": 32, "img_name": "image-1", "width": 256, "height": 256, "position": [4.330127299925138, 4.999999969129014, 7.499999903214113], "rotation": [[0.8660254173851102, 0.2500000134611743, -0.4330127057781254], [6.730586912168989e-09, -0.8660254173851102, -0.5000000033652935], [-0.5000000033652936, 0.43301270577812534, -0.7500000000000002]], "fy": 355.55552998200585, "fx": 355.55552998200585}, {"id": 33, "img_name": "image-2", "width": 256, "height": 256, "position": [0.8682409538653992, 8.660254548063081, 4.924039133641892], "rotation": [[0.9848077154122054, 0.1503837316804069, -0.08682409260743326], [4.547578140471446e-09, -0.49999998656258104, -0.8660253674815177], [-0.173648184052531, 0.8528685733560174, -0.4924038737612357]], "fy": 355.55552998200585, "fx": 355.55552998200585}, {"id": 34, "img_name": "image-3", "width": 256, "height": 256, "position": [6.634139460932744, 5.0000001499784466, 5.566703676515678], "rotation": [[0.6427876230444173, 0.38302221531379776, -0.6634139218092278], [2.8273330230437982e-09, -0.866025416048689, -0.5000000056800429], [-0.766044415629695, 0.3213938114218858, -0.5566704049613925]], "fy": 355.55552998200585, "fx": 355.55552998200585}, {"id": 35, "img_name": "image-4", "width": 256, "height": 256, "position": [4.330127299925138, 4.999999969129014, 7.499999903214113], "rotation": [[0.8660254173851102, 0.2500000134611743, -0.4330127057781254], [6.730586912168989e-09, -0.8660254173851102, -0.5000000033652935], [-0.5000000033652936, 0.43301270577812534, -0.7500000000000002]], "fy": 355.55552998200585, "fx": 355.55552998200585}, {"id": 36, "img_name": "image-5", "width": 256, "height": 256, "position": [3.830222160035014, 6.427875984419389, 6.634139452485862], "rotation": [[0.866025416048689, 0.3213938114218858, -0.38302221531379793], [-2.8273330743573937e-09, -0.7660444156296949, -0.6427876230444174], [-0.5000000056800429, 0.5566704049613926, -0.6634139218092278]], "fy": 355.55552998200585, "fx": 355.55552998200585}, {"id": 37, "img_name": "image-6", "width": 256, "height": 256, "position": [9.254165619505406, -3.4202014836289694, 1.6317591307551602], "rotation": [[0.17364817050561115, -0.3368240963786358, -0.9254165662743945], [4.005878117035066e-09, -0.9396926220163359, 0.34202014114933404], [-0.9848077178008928, -0.059391174598586796, -0.16317590367350132]], "fy": 355.55552998200585, "fx": 355.55552998200585}, {"id": 38, "img_name": "image-7", "width": 256, "height": 256, "position": [7.499999903214113, -4.999999969129015, 4.330127299925138], "rotation": [[0.5000000033652935, -0.4330127057781253, -0.75], [6.730586981103697e-09, -0.8660254173851102, 0.5000000033652935], [-0.8660254173851102, -0.25000001346117423, -0.4330127057781253]], "fy": 355.55552998200585, "fx": 355.55552998200585}, {"id": 39, "img_name": "image-8", "width": 256, "height": 256, "position": [9.254165619505406, -3.4202014836289694, -1.6317591307551602], "rotation": [[-0.17364817050561115, -0.3368240963786358, -0.9254165662743945], [-4.005878117035066e-09, -0.9396926220163359, 0.34202014114933404], [-0.9848077178008928, 0.059391174598586796, 0.16317590367350132]], "fy": 355.55552998200585, "fx": 355.55552998200585}, {"id": 40, "img_name": "image-9", "width": 256, "height": 256, "position": [9.254165619505406, -3.4202014836289694, 1.6317591307551602], "rotation": [[0.17364817050561115, -0.3368240963786358, -0.9254165662743945], [4.005878117035066e-09, -0.9396926220163359, 0.34202014114933404], [-0.9848077178008928, -0.059391174598586796, -0.16317590367350132]], "fy": 355.55552998200585, "fx": 355.55552998200585}, {"id": 41, "img_name": "image-10", "width": 256, "height": 256, "position": [9.698463094996175, -1.7364817062416142, 1.7101007474725476], "rotation": [[0.17364817664704538, -0.17101008067863746, -0.9698463073753747], [2.0593658395162406e-10, -0.9848077140905156, 0.17364817664704543], [-0.9848077140905155, -0.03015369123001904, -0.17101008067863743]], "fy": 355.55552998200585, "fx": 355.55552998200585}, {"id": 42, "img_name": "image-11", "width": 256, "height": 256, "position": [6.634139460932744, 5.0000001499784466, -5.566703676515678], "rotation": [[-0.6427876230444173, 0.38302221531379776, -0.6634139218092278], [-2.8273330230437982e-09, -0.866025416048689, -0.5000000056800429], [-0.766044415629695, -0.3213938114218858, 0.5566704049613925]], "fy": 355.55552998200585, "fx": 355.55552998200585}, {"id": 43, "img_name": "image-12", "width": 256, "height": 256, "position": [8.830222287687395, 3.420201760425359, -3.213938151117937], "rotation": [[-0.342020163276188, 0.3213938209967441, -0.8830222315715702], [-9.72207667194737e-09, -0.9396926139628193, -0.342020163276188], [-0.9396926139628192, -0.11697778575901867, 0.3213938209967441]], "fy": 355.55552998200585, "fx": 355.55552998200585}, {"id": 44, "img_name": "image-13", "width": 256, "height": 256, "position": [4.330127299925138, 4.999999969129014, -7.499999903214113], "rotation": [[-0.8660254173851102, 0.2500000134611743, -0.4330127057781254], [-6.730586912168989e-09, -0.8660254173851102, -0.5000000033652935], [-0.5000000033652936, -0.43301270577812534, 0.7500000000000002]], "fy": 355.55552998200585, "fx": 355.55552998200585}, {"id": 45, "img_name": "image-14", "width": 256, "height": 256, "position": [6.634139460932744, 5.0000001499784466, -5.566703676515678], "rotation": [[-0.6427876230444173, 0.38302221531379776, -0.6634139218092278], [-2.8273330230437982e-09, -0.866025416048689, -0.5000000056800429], [-0.766044415629695, -0.3213938114218858, 0.5566704049613925]], "fy": 355.55552998200585, "fx": 355.55552998200585}, {"id": 46, "img_name": "image-15", "width": 256, "height": 256, "position": [5.868240805255664, 6.427875886988358, -4.924038971518618], "rotation": [[-0.6427876262247391, 0.49240387466062907, -0.5868240582933214], [-1.2784845655728133e-08, -0.7660444129610882, -0.6427876262247391], [-0.766044412961088, -0.4131759279978254, 0.4924038746606291]], "fy": 355.55552998200585, "fx": 355.55552998200585}, {"id": 47, "img_name": "image-16", "width": 256, "height": 256, "position": [1.150791531269774e-15, -3.4202016194369214, -9.396926144478082], "rotation": [[-1.0, -4.188538676451136e-17, -1.1507914790176385e-16], [-6.245936397362251e-25, -0.9396926172367759, 0.34202015428106647], [-1.2246469168073274e-16, 0.34202015428106647, 0.9396926172367759]], "fy": 355.55552998200585, "fx": 355.55552998200585}, {"id": 48, "img_name": "image-17", "width": 256, "height": 256, "position": [2.9619812324082058, -5.000000061661929, -8.137976403074939], "rotation": [[-0.9396926176301569, -0.17101007257622858, -0.2961981261143051], [-1.1105806576837009e-08, -0.8660254129675077, 0.5000000110168054], [-0.3420201532002613, 0.4698462922011772, 0.8137976362813987]], "fy": 355.55552998200585, "fx": 355.55552998200585}, {"id": 49, "img_name": "image-18", "width": 256, "height": 256, "position": [-3.2139381511179366, -3.4202017604253587, -8.830222287687393], "rotation": [[-0.9396926139628193, 0.11697778575901868, 0.3213938209967441], [9.722076650760809e-09, -0.9396926139628193, 0.342020163276188], [0.34202016327618795, 0.3213938209967441, 0.8830222315715701]], "fy": 355.55552998200585, "fx": 355.55552998200585}, {"id": 50, "img_name": "image-19", "width": 256, "height": 256, "position": [1.150791531269774e-15, -3.4202016194369214, -9.396926144478082], "rotation": [[-1.0, -4.188538676451136e-17, -1.1507914790176385e-16], [-6.245936397362251e-25, -0.9396926172367759, 0.34202015428106647], [-1.2246469168073274e-16, 0.34202015428106647, 0.9396926172367759]], "fy": 355.55552998200585, "fx": 355.55552998200585}, {"id": 51, "img_name": "image-20", "width": 256, "height": 256, "position": [1.2060415848908801e-15, -1.736481719506778, -9.84807714918612], "rotation": [[-1.0, -2.1265768996526545e-17, -1.2060416679955257e-16], [-3.0631407062580427e-25, -0.9848077134807718, 0.17364818010507385], [-1.224646866565282e-16, 0.17364818010507385, 0.9848077134807717]], "fy": 355.55552998200585, "fx": 355.55552998200585}, {"id": 52, "img_name": "image-21", "width": 256, "height": 256, "position": [-6.634139460932744, 5.0000001499784466, -5.566703676515678], "rotation": [[-0.6427876230444173, -0.38302221531379776, 0.6634139218092278], [2.8273330230437982e-09, -0.866025416048689, -0.5000000056800429], [0.766044415629695, -0.3213938114218858, 0.5566704049613925]], "fy": 355.55552998200585, "fx": 355.55552998200585}, {"id": 53, "img_name": "image-22", "width": 256, "height": 256, "position": [-4.698462783537745, 3.4202015179790366, -8.137976448655788], "rotation": [[-0.8660254129675078, -0.17101007257622855, 0.46984629220117713], [-1.1105806555619929e-08, -0.9396926176301568, -0.3420201532002613], [0.5000000110168054, -0.2961981261143051, 0.8137976362813987]], "fy": 355.55552998200585, "fx": 355.55552998200585}, {"id": 54, "img_name": "image-23", "width": 256, "height": 256, "position": [-8.137976403074939, 5.000000061661929, -2.9619812324082053], "rotation": [[-0.3420201532002613, -0.4698462922011771, 0.8137976362813987], [1.110580656890618e-08, -0.8660254129675076, -0.5000000110168054], [0.9396926176301569, -0.17101007257622852, 0.2961981261143052]], "fy": 355.55552998200585, "fx": 355.55552998200585}, {"id": 55, "img_name": "image-24", "width": 256, "height": 256, "position": [-6.634139460932744, 5.0000001499784466, -5.566703676515678], "rotation": [[-0.6427876230444173, -0.38302221531379776, 0.6634139218092278], [2.8273330230437982e-09, -0.866025416048689, -0.5000000056800429], [0.766044415629695, -0.3213938114218858, 0.5566704049613925]], "fy": 355.55552998200585, "fx": 355.55552998200585}, {"id": 56, "img_name": "image-25", "width": 256, "height": 256, "position": [-5.868240805255664, 6.427875886988358, -4.924038971518618], "rotation": [[-0.6427876262247391, -0.49240387466062907, 0.5868240582933214], [1.2784845655728133e-08, -0.7660444129610882, -0.6427876262247391], [0.766044412961088, -0.4131759279978254, 0.4924038746606291]], "fy": 355.55552998200585, "fx": 355.55552998200585}, {"id": 57, "img_name": "image-26", "width": 256, "height": 256, "position": [-9.254165619505406, -3.4202014836289694, 1.6317591307551602], "rotation": [[0.17364817050561115, 0.3368240963786358, 0.9254165662743945], [-4.005878117035066e-09, -0.9396926220163359, 0.34202014114933404], [0.9848077178008928, -0.059391174598586796, -0.16317590367350132]], "fy": 355.55552998200585, "fx": 355.55552998200585}, {"id": 58, "img_name": "image-27", "width": 256, "height": 256, "position": [-8.528685722093051, -4.999999858903134, -1.503837404189075], "rotation": [[-0.173648184052531, 0.49240387376123584, 0.8528685733560175], [-4.547578126506756e-09, -0.8660253674815177, 0.49999998656258093], [0.9848077154122052, 0.08682409260743326, 0.15038373168040686]], "fy": 355.55552998200585, "fx": 355.55552998200585}, {"id": 59, "img_name": "image-28", "width": 256, "height": 256, "position": [-8.137976448655788, -3.4202015179790366, 4.698462783537743], "rotation": [[0.5000000110168052, 0.29619812611430507, 0.8137976362813988], [1.1105806571408244e-08, -0.9396926176301568, 0.3420201532002613], [0.8660254129675076, -0.17101007257622852, -0.46984629220117713]], "fy": 355.55552998200585, "fx": 355.55552998200585}, {"id": 60, "img_name": "image-29", "width": 256, "height": 256, "position": [-9.254165619505406, -3.4202014836289694, 1.6317591307551602], "rotation": [[0.17364817050561115, 0.3368240963786358, 0.9254165662743945], [-4.005878117035066e-09, -0.9396926220163359, 0.34202014114933404], [0.9848077178008928, -0.059391174598586796, -0.16317590367350132]], "fy": 355.55552998200585, "fx": 355.55552998200585}, {"id": 61, "img_name": "image-30", "width": 256, "height": 256, "position": [-9.698463094996175, -1.7364817062416142, 1.7101007474725476], "rotation": [[0.17364817664704538, 0.17101008067863746, 0.9698463073753747], [-2.0593658395162406e-10, -0.9848077140905156, 0.17364817664704543], [0.9848077140905155, -0.03015369123001904, -0.17101008067863743]], "fy": 355.55552998200585, "fx": 355.55552998200585}]